2010 5009
2068 5009
2010 5009
2068 5009
2010 5009
2023 5009
2010 5009
2007 5009
2010 5009
2010 5009
2059 5009
2010 5009
2068 5009
2010 5009
2023 5009
2023 5009
2059 5009
2023 5009
2023 5014
2139 5014
2059 5014
2010 5015
2023 5015
2059 5015
2111 5009
2111 5009
2111 5009
2111 5009
2010 5009
2010 5014
2010 5009
2059 5009
2014 5009
2010 5014
2010 5009
2014 5009
2014 5009
2010 5009
2010 5009
2010 5009
2010 5014
2010 5014
2010 5009
2136 5009
2014 5009
2004 5014
2059 5014
2025 5007
2025 5007
2010 5014
2082 5014
2025 5006
2115 5006
2115 5014
2010 5009
2025 5009
2145 5009
2115 5009
2143 5009
2010 5009
2025 5009
2142 5009
2011 5014
2010 5014
2025 5014
2010 5009
2010 5009
2025 5009
2010 5009
2025 5009
2025 5009
2010 5014
2025 5014
2025 5015
2115 5015
2010 5016
2010 5014
2010 5009
2010 5009
2115 5009
2010 5009
2139 5009
2010 5009
2107 5009
2115 5009
2010 5009
2014 5009
2107 5009
2115 5009
2115 5009
2115 5009
2010 5009
2010 5009
2115 5009
2010 5009
2010 5009
2115 5009
2010 5009
2010 5015
2008 5009
2008 5015
2014 5009
2014 5015
2115 5009
2010 5009
2115 5009
2115 5009
2143 5009
2014 5009
2010 5016
2115 5009
2010 5006
2115 5006
2011 5006
2010 5009
2010 5009
2010 5006
2010 5009
2010 5009
2025 5009
2010 5009
2118 5009
2010 5009
2118 5009
2010 5009
2118 5009
2115 5009
2025 5009
2115 5009
2008 5009
2010 5009
2118 5009
2115 5009
2026 5009
2010 5009
2010 5009
2045 5009
2004 5009
2139 5009
2010 5009
2147 5004
2035 5004
2049 5004
2147 5004
2049 5004
2076 5004
2147 5004
2049 5004
2147 5004
2049 5008
2076 5008
2115 5008
2049 5008
2049 5008
2049 5008
2049 5008
2112 5008
2115 5008
2004 5008
2004 5008
2112 5008
2004 5008
2045 5008
2009 5008
2067 5008
2004 5008
2110 5008
2067 5008
2067 5008
2076 5008
2009 5008
2067 5008
2009 5008
2004 5008
2115 5008
2009 5008
2049 5008
2009 5008
2115 5008
2009 5008
2067 5008
2009 5008
2054 5004
2147 5004
2115 5004
2147 5004
2034 5004
2049 5004
2109 5004
2067 5008
2054 5004
2147 5004
2049 5004
2147 5004
2009 5004
2147 5004
2147 5004
2045 5004
2147 5004
2049 5004
2147 5004
2054 5004
2147 5004
2049 5004
2147 5004
2054 5008
2045 5008
2009 5008
2049 5008
2078 5008
2045 5008
2054 5008
2045 5004
2147 5004
2147 5004
2136 5008
2054 5004
2147 5004
2067 5008
2067 5008
2054 5008
2009 5008
2054 5008
2054 5008
2054 5008
2067 5008
2054 5008
2054 5008
2129 5004
2045 5004
2048 5004
2054 5004
2147 5004
2034 5004
2045 5004
2147 5004
2045 5004
2147 5004
2054 5004
2147 5004
2054 5004
2147 5004
2129 5004
2054 5004
2147 5004
2147 5004
2129 5004
2045 5004
2054 5004
2009 5004
2147 5004
2054 5004
2147 5004
2045 5008
2134 5004
2009 5004
2147 5004
2054 5004
2147 5004
2034 5004
2045 5008
2115 5008
2054 5008
2045 5004
2136 5004
2115 5004
2054 5004
2147 5004
2115 5008
2054 5008
2067 5008
2134 5008
2115 5008
2009 5008
2147 5004
2054 5004
2148 5004
2147 5004
2049 5004
2115 5008
2067 5008
2076 5008
2115 5008
2009 5008
2049 5008
2142 5008
2009 5008
2115 5008
2129 5004
2115 5004
2119 5004
2054 5004
2147 5004
2115 5008
2054 5008
2009 5008
2049 5008
2025 5008
2115 5008
2115 5008
2009 5008
2115 5008
2009 5008
2054 5008
2025 5008
2145 5008
2115 5008
2009 5008
2054 5008
2115 5006
2010 5009
2025 5009
2147 5004
2034 5004
2147 5004
2115 5004
2147 5004
2034 5004
2054 5004
2147 5004
2034 5004
2115 5004
2147 5004
2034 5004
2147 5004
2034 5004
2147 5004
2147 5004
2034 5004
2076 5004
2147 5004
2049 5004
2115 5004
2147 5004
2115 5006
2034 5006
2115 5004
2147 5004
2034 5004
2147 5004
2147 5004
2034 5004
2045 5004
2147 5004
2034 5004
2045 5004
2147 5004
2147 5004
2045 5004
2115 5004
2147 5004
2142 5008
2009 5008
2078 5008
2147 5004
2034 5004
2147 5004
2025 5004
2115 5004
2147 5004
2025 5004
2147 5004
2115 5004
2147 5004
2025 5004
2147 5004
2025 5004
2115 5004
2147 5004
2147 5004
2147 5004
2147 5004
2115 5004
2147 5004
2034 5004
2147 5004
2147 5004
2115 5004
2147 5004
2025 5007
2147 5004
2147 5004
2147 5004
2025 5004
2147 5004
2025 5004
2115 5004
2147 5004
2025 5004
2147 5004
2025 5004
2115 5004
2147 5004
2147 5004
2025 5004
2115 5004
2147 5004
2004 5004
2147 5004
2025 5004
2147 5004
2025 5004
2025 5004
2025 5004
2147 5004
2025 5004
2115 5004
2034 5004
2025 5004
2115 5004
2147 5004
2045 5004
2115 5004
2147 5004
2147 5004
2045 5004
2115 5004
2147 5004
2147 5004
2045 5004
2025 5004
2115 5004
2148 5004
2147 5004
2025 5004
2148 5004
2147 5004
2115 5004
2147 5004
2115 5004
2147 5004
2045 5004
2025 5004
2147 5004
2045 5004
2147 5004
2045 5004
2142 5004
2115 5004
2147 5004
2147 5004
2115 5004
2147 5004
2129 5004
2009 5004
2147 5004
2025 5004
2115 5004
2147 5004
2025 5004
2045 5004
2025 5004
2115 5004
2009 5004
2147 5004
2147 5004
2025 5006
2115 5006
2147 5004
2147 5004
2115 5004
2004 5004
2009 5004
2147 5004
2115 5004
2004 5004
2009 5004
2147 5004
2147 5004
2138 5004
2112 5004
2147 5004
2138 5004
2147 5004
2147 5004
2147 5004
2138 5004
2147 5004
2138 5004
2147 5004
2112 5004
2147 5004
2110 5004
2147 5004
2009 5008
2115 5004
2147 5004
2147 5004
2138 5004
2115 5004
2009 5004
2147 5004
2138 5004
2115 5004
2147 5004
2025 5004
2115 5004
2009 5004
2009 5004
2147 5004
2025 5004
2115 5004
2009 5004
2147 5004
2147 5004
2147 5004
2147 5004
2147 5004
2115 5004
2009 5004
2138 5004
2147 5004
2115 5004
2054 5004
2009 5004
2147 5004
2034 5004
2147 5004
2147 5004
2115 5004
2147 5004
2147 5004
2025 5004
2115 5004
2147 5004
2025 5004
2115 5004
2147 5004
2025 5004
2115 5004
2009 5004
2147 5004
2115 5004
2147 5004
2147 5004
2115 5004
2147 5004
2147 5004
2145 5004
2145 5006
2115 5004
2115 5006
2009 5004
2009 5006
2147 5004
2147 5006
2147 5004
2115 5004
2147 5004
2025 5004
2147 5004
2147 5004
2025 5004
2115 5004
2147 5004
2025 5004
2115 5004
2147 5004
2115 5004
2147 5004
2147 5004
2147 5004
2147 5004
2115 5008
2115 5004
2147 5004
2147 5004
2112 5004
2147 5004
2025 5004
2145 5004
2147 5004
2147 5004
2025 5004
2115 5004
2147 5004
2115 5004
2147 5004
2004 5004
2147 5004
2009 5004
2004 5004
2009 5004
2147 5004
2009 5004
2147 5004
2147 5004
2004 5004
2009 5004
2147 5004
2147 5004
2115 5004
2004 5004
2147 5004
2147 5004
2115 5004
2004 5004
2009 5004
2147 5004
2115 5004
2147 5004
2115 5004
2009 5004
2147 5004
2147 5004
2115 5008
2009 5008
2115 5008
2009 5008
2049 5008
2009 5008
2115 5008
2115 5004
2009 5004
2147 5004
2115 5004
2009 5004
2147 5004
2147 5004
2009 5004
2147 5004
2115 5004
2009 5004
2147 5004
2115 5008
2115 5008
2147 5004
2115 5004
2147 5004
2009 5004
2147 5004
2115 5004
2147 5004
2147 5004
2034 5004
2147 5004
2004 5004
2147 5004
2004 5004
2009 5004
2147 5004
2009 5004
2147 5004
2147 5004
2004 5004
2009 5004
2147 5004
2147 5004
2147 5004
2034 5004
2147 5004
2034 5004
2147 5004
2009 5004
2147 5004
2139 5004
2147 5004
2115 5016
2115 5014
2010 5009
2010 5009
2115 5009
2010 5009
2014 5009
2139 5009
2010 5009
2010 5009
2010 5009
2010 5009
2010 5009
2010 5016
2010 5009
2115 5016
2115 5009
2010 5016
2010 5009
2053 5016
2053 5009
2010 5016
2018 5016
2018 5009
2115 5009
2010 5009
2010 5009
2010 5009
2010 5009
2042 5009
2010 5009
2010 5009
2042 5009
2010 5009
2042 5009
2010 5016
2010 5009
2010 5009
2115 5009
2115 5004
2147 5004
2034 5004
2045 5004
2115 5004
2009 5004
2147 5004
2034 5004
2147 5004
2115 5004
2147 5004
2115 5004
2147 5004
2034 5004
2045 5004
2115 5004
2147 5004
2034 5004
2147 5004
2147 5004
2054 5004
2147 5004
2034 5004
2147 5004
2076 5004
2076 5008
2053 5004
2053 5008
2147 5004
2147 5008
2049 5004
2049 5008
2147 5004
2115 5004
2147 5004
2045 5004
2115 5004
2009 5004
2147 5004
2147 5004
2147 5004
2051 5004
2115 5004
2147 5004
2115 5004
2075 5004
2148 5004
2147 5004
2113 5004
2075 5004
2148 5004
2147 5004
2113 5004
2072 5004
2120 5004
2148 5004
2147 5004
2072 5004
2075 5004
2147 5004
2147 5004
2147 5004
2147 5004
2113 5004
2147 5004
2147 5004
2147 5004
2075 5004
2128 5004
2147 5004
2113 5004
2147 5004
2051 5004
2147 5004
2130 5004
2051 5004
2128 5004
2147 5004
2147 5004
2051 5004
2115 5004
2128 5004
2147 5004
2147 5004
2147 5004
2075 5004
2115 5004
2147 5004
2075 5004
2147 5004
2147 5004
2010 5009
2115 5009
2113 5009
2040 5009
2115 5004
2075 5004
2147 5004
2072 5004
2120 5004
2115 5010
2128 5010
2113 5010
2040 5010
2128 5013
2040 5013
2072 5013
2128 5004
2147 5004
2147 5004
2115 5004
2147 5004
2147 5004
2115 5004
2147 5004
2115 5004
2147 5004
2010 5009
2115 5009
2042 5009
2010 5016
2010 5009
2115 5016
2115 5009
2010 5009
2115 5009
2010 5009
2040 5009
2115 5004
2147 5004
2120 5004
2115 5008
2115 5004
2115 5008
2147 5004
2147 5008
2025 5008
2115 5008
2040 5008
2115 5008
2025 5007
2147 5004
2113 5004
2120 5004
2115 5008
2075 5010
2113 5010
2120 5010
2147 5004
2025 5004
2115 5004
2025 5004
2115 5004
2147 5004
2147 5004
2025 5004
2115 5004
2147 5004
2003 5003
2025 5003
2025 5006
2115 5006
2025 5003
2147 5004
2113 5004
2120 5004
2025 5003
2115 5003
2115 5002
2025 5003
2025 5002
2147 5004
2147 5004
2034 5004
2016 5004
2147 5004
2113 5004
2016 5004
2147 5004
2016 5004
2147 5004
2025 5002
2145 5002
2115 5002
2025 5003
2115 5003
2025 5003
2043 5003
2025 5006
2115 5006
2016 5002
2115 5002
2043 5002
2025 5003
2025 5006
2115 5006
2025 5004
2147 5004
2115 5004
2147 5004
2043 5004
2016 5010
2043 5010
2016 5004
2025 5004
2115 5004
2147 5004
2043 5004
2025 5002
2115 5002
2147 5004
2120 5004
2016 5004
2115 5004
2147 5004
2115 5004
2147 5004
2115 5004
2075 5004
2147 5004
2113 5004
2072 5004
2120 5004
2147 5004
2051 5004
2075 5004
2148 5004
2147 5004
2113 5004
2075 5004
2147 5004
2113 5004
2147 5004
2147 5004
2147 5004
2051 5004
2025 5004
2115 5004
2147 5004
2051 5004
2115 5004
2147 5004
2045 5004
2025 5004
2115 5004
2147 5004
2113 5004
2120 5004
2045 5004
2004 5004
2147 5004
2045 5004
2115 5004
2004 5004
2009 5004
2147 5004
2147 5004
2129 5004
2045 5004
2147 5004
2045 5004
2147 5004
2045 5004
2147 5004
2051 5004
2147 5004
2136 5004
2115 5004
2147 5004
2147 5004
2045 5004
2147 5004
2113 5004
2075 5004
2113 5004
2120 5004
2113 5004
2045 5004
2076 5004
2075 5004
2147 5004
2045 5004
2075 5004
2113 5004
2072 5004
2045 5002
2115 5002
2075 5002
2072 5002
2045 5004
2075 5004
2147 5004
2113 5004
2120 5004
2075 5004
2147 5004
2045 5004
2045 5004
2045 5004
2115 5002
2045 5004
2115 5004
2075 5004
2113 5004
2045 5004
2147 5004
2113 5004
2045 5002
2045 5004
2045 5004
2115 5004
2042 5004
2113 5004
2045 5004
2115 5004
2045 5004
2115 5004
2042 5004
2115 5004
2045 5004
2115 5004
2042 5004
2045 5004
2115 5004
2115 5004
2115 5004
2025 5002
2142 5002
2009 5008
2054 5008
2136 5004
2009 5004
2147 5004
2025 5004
2142 5004
2009 5004
2147 5004
2142 5004
2009 5004
2147 5004
2025 5004
2147 5004
2009 5002
2115 5004
2147 5004
2115 5002
2075 5002
2113 5002
2115 5004
2115 5004
2115 5004
2115 5004
2004 5004
2147 5004
2149 5004
2045 5004
2150 5004
2115 5004
2004 5004
2045 5004
2115 5004
2147 5004
2025 5003
2115 5003
2025 5004
2115 5004
2045 5004
2025 5004
2145 5004
2115 5004
2115 5002
2045 5004
2025 5004
2115 5004
2009 5004
2115 5004
2010 5009
2115 5009
2025 5004
2067 5004
2136 5004
2146 5004
2147 5004
2138 5004
2010 5009
2010 5009
2010 5009
2115 5009
2010 5009
2010 5009
2115 5009
2010 5009
2115 5002
2010 5009
2142 5009
2010 5014
2010 5004
2115 5004
2147 5004
2010 5014
2115 5014
2010 5009
2010 5014
2115 5009
2115 5014
2075 5014
2010 5009
2010 5009
2115 5009
2010 5009
2010 5009
2010 5009
2115 5002
2045 5002
2045 5004
2111 5004
2009 5004
2147 5004
2115 5002
2115 5002
2004 5004
2009 5004
2147 5004
2115 5008
2110 5008
2115 5008
2112 5008
2115 5008
2010 5009
2150 5009
2010 5009
2010 5009
2111 5009
2010 5009
2045 5009
2010 5009
2112 5009
2110 5009
2010 5009
2010 5009
2111 5009
2102 5014
2025 5003
2115 5003
2004 5003
2115 5003
2004 5003
2115 5003
2004 5003
2115 5003
2004 5003
2025 5004
2115 5004
2147 5004
2004 5003
2075 5004
2147 5004
2121 5004
2051 5004
2075 5004
2147 5004
2127 5004
2025 5004
2147 5004
2128 5004
2147 5004
2127 5004
2147 5004
2128 5004
2147 5004
2010 5014
2147 5004
2025 5004
2128 5004
2147 5004
2127 5004
2010 5014
2025 5014
2025 5004
2128 5004
2147 5004
2025 5006
2025 5006
2147 5004
2127 5004
2147 5004
2025 5004
2115 5004
2020 5004
2048 5004
2147 5004
2025 5004
2115 5004
2147 5004
2147 5004
2147 5004
2147 5004
2113 5004
2120 5004
2082 5004
2147 5004
2096 5004
2025 5006
2025 5004
2147 5004
2113 5004
2147 5004
2113 5004
2025 5004
2147 5004
2147 5004
2147 5004
2121 5004
2146 5004
2121 5004
2025 5004
2147 5004
2147 5004
2147 5004
2025 5004
2142 5004
2147 5004
2113 5004
2120 5004
2025 5004
2115 5004
2147 5004
2115 5003
2004 5003
2115 5003
2004 5003
2115 5006
2010 5004
2147 5004
2045 5008
2009 5008
2004 5003
2045 5008
2010 5009
2139 5009
2005 5009
2045 5016
2045 5009
2053 5016
2053 5009
2010 5009
2115 5009
2067 5008
2010 5009
2010 5009
2009 5009
2009 5008
2005 5008
2009 5009
2010 5009
2009 5009
2005 5009
2010 5009
2053 5009
2009 5009
2005 5009
2010 5009
2009 5009
2010 5008
2010 5009
2010 5009
2010 5009
2009 5009
2053 5008
2009 5008
2010 5014
2009 5014
2009 5014
2009 5016
2115 5004
2147 5004
2025 5003
2010 5009
2025 5009
2147 5004
2025 5004
2147 5004
2025 5004
2145 5004
2070 5004
2115 5004
2147 5004
2115 5004
2075 5004
2147 5004
2113 5004
2120 5004
2025 5004
2142 5004
2115 5004
2147 5004
2115 5004
2115 5004
2115 5004
2147 5004
2113 5004
2145 5004
2147 5004
2025 5004
2115 5004
2021 5004
2115 5004
2147 5004
2010 5004
2115 5004
2147 5004
2005 5004
2010 5009
2115 5009
2010 5004
2115 5004
2004 5004
2147 5004
2005 5004
2010 5009
2009 5009
2010 5009
2009 5009
2010 5009
2009 5009
2009 5008
2010 5004
2025 5004
2115 5004
2147 5004
2010 5009
2115 5009
2025 5009
2010 5016
2025 5016
2115 5016
2144 5016
2010 5016
2025 5016
2115 5016
2010 5009
2010 5009
2115 5009
2010 5016
2115 5016
2025 5014
2010 5014
2004 5014
2025 5016
2010 5016
2010 5014
2115 5016
2115 5014
2147 5004
2115 5004
2147 5004
2078 5004
2010 5009
2010 5014
2032 5008
2009 5008
2025 5014
2014 5014
2009 5008
2009 5008
2043 5008
2009 5008
2009 5008
2010 5014
2102 5014
2010 5014
2102 5014
2115 5014
2146 5014
2010 5014
2115 5014
2009 5014
2054 5004
2093 5004
2147 5004
2115 5004
2119 5004
2147 5004
2005 5004
2032 5004
2147 5004
2147 5004
2005 5004
2115 5013
2128 5013
2115 5013
2115 5013
2128 5013
2025 5004
2115 5004
2147 5004
2115 5013
2128 5013
2115 5012
2128 5012
2115 5012
2128 5012
2025 5008
2076 5008
2053 5008
2009 5008
2049 5008
2107 5013
2115 5013
2053 5013
2128 5013
2115 5012
2115 5012
2128 5012
2115 5012
2128 5012
2115 5012
2115 5012
2128 5012
2005 5012
2115 5012
2010 5004
2115 5004
2147 5004
2091 5004
2115 5004
2147 5004
2144 5004
2005 5004
2054 5008
2009 5008
2119 5004
2147 5004
2118 5013
2128 5013
2118 5008
2118 5008
2062 5008
2054 5008
2118 5013
2054 5008
2045 5004
2099 5004
2009 5004
2147 5004
2034 5004
2126 5004
2081 5008
2005 5008
2081 5008
2034 5008
2004 5004
2004 5008
2054 5004
2054 5008
2009 5004
2009 5008
2147 5004
2147 5008
2129 5008
2115 5008
2054 5008
2054 5005
2115 5008
2054 5008
2115 5004
2147 5004
2147 5004
2147 5004
2115 5004
2147 5004
2040 5004
2147 5004
2040 5004
2005 5004
2140 5004
2147 5004
2036 5004
2005 5004
2147 5004
2113 5012
2120 5012
2115 5012
2053 5012
2120 5012
2115 5012
2147 5004
2036 5004
2005 5004
2147 5004
2147 5004
2115 5004
2147 5004
2005 5004
2115 5004
2147 5004
2025 5004
2115 5004
2147 5004
2005 5004
2010 5004
2147 5004
2115 5012
2115 5012
2128 5012
2009 5012
2005 5012
2025 5004
2115 5004
2147 5004
2005 5004
2147 5004
2128 5013
2147 5013
2147 5004
2119 5004
2128 5004
2147 5004
2009 5004
2147 5004
2147 5004
2147 5004
2005 5004
2053 5004
2119 5004
2128 5004
2009 5004
2147 5004
2005 5004
2045 5004
2142 5004
2115 5004
2137 5004
2009 5004
2147 5004
2005 5004
2045 5004
2136 5004
2147 5004
2005 5004
2025 5014
2115 5014
2025 5004
2115 5004
2053 5004
2147 5004
2147 5004
2045 5004
2053 5004
2147 5004
2147 5004
2147 5004
2025 5012
2115 5012
2115 5012
2128 5012
2025 5012
2115 5012
2025 5006
2115 5006
2115 5004
2075 5004
2054 5004
2147 5004
2034 5004
2113 5004
2072 5004
2120 5004
