3119 6003
3119 6003
3119 6003
3124 6002
3124 6008
3124 6008
3124 6020
3124 6008
3124 6008
3124 6008
3124 6002
3124 6008
3124 6008
3124 6008
3124 6008
3124 6008
3124 6002
3124 6008
3181 6002
3181 6002
3124 6002
3124 6002
3124 6002
3124 6008
3124 6008
3124 6008
3187 6008
3187 6002
3124 6008
3124 6002
3124 6008
3124 6002
3125 6008
3125 6002
3087 6002
3124 6002
3125 6008
3125 6002
3149 6008
3149 6002
3079 6002
3087 6008
3079 6002
3124 6002
3148 6002
3087 6002
3087 6002
3148 6008
3087 6008
3157 6002
3083 6002
3087 6002
3157 6002
3035 6008
3035 6002
3187 6008
3157 6008
3087 6008
3157 6008
3157 6008
3157 6008
3157 6008
3163 6002
3163 6002
3163 6002
3020 6002
3035 6002
3035 6002
3035 6008
3163 6002
3163 6002
3087 6002
3124 6002
3194 6002
3050 6002
3163 6002
3148 6002
3035 6002
3062 6002
3087 6002
3157 6002
3013 6002
3087 6008
3124 6008
3163 6002
3148 6002
3163 6008
3087 6008
3163 6002
3087 6002
3163 6008
3148 6008
3187 6008
3079 6008
3163 6008
3148 6008
3087 6008
3163 6008
3148 6008
3087 6008
3148 6002
3087 6002
3163 6008
3163 6008
3163 6002
3087 6020
3163 6008
3087 6002
3163 6002
3087 6002
3163 6002
3163 6002
3148 6002
3087 6002
3163 6008
3148 6008
3163 6008
3186 6008
3163 6008
3087 6008
3163 6008
3087 6008
3163 6008
3098 6008
3163 6027
3148 6027
3205 6027
3130 6027
3205 6027
3130 6027
3205 6027
3130 6027
3163 6027
3205 6027
3186 6027
3130 6027
3148 6022
3087 6022
3163 6022
3163 6008
3163 6022
3087 6022
3163 6022
3186 6022
3163 6022
3163 6022
3098 6022
3193 6022
3205 6027
3085 6022
3205 6027
3130 6027
3163 6027
3205 6027
3130 6027
3098 6022
3098 6022
3163 6022
3186 6022
3130 6022
3163 6022
3098 6022
3186 6022
3163 6002
3087 6002
3130 6002
3163 6002
3098 6002
3087 6002
3163 6002
3087 6002
3163 6008
3148 6008
3087 6008
3198 6008
3087 6002
3087 6008
3163 6002
3087 6002
3163 6008
3205 6027
3130 6027
3087 6015
3030 6015
3205 6027
3130 6027
3087 6030
3087 6030
3149 6030
3087 6030
3149 6030
3044 6008
3150 6008
3163 6008
3096 6008
3163 6008
3086 6008
3150 6008
3163 6008
3098 6008
3087 6008
3148 6008
3087 6008
3141 6008
3124 6008
3079 6026
3085 6026
3086 6026
3150 6026
3186 6026
3198 6026
3186 6018
3095 6018
3186 6018
3087 6026
3087 6018
3079 6026
3079 6018
3186 6026
3186 6018
3061 6018
3186 6018
3108 6026
3061 6026
3186 6026
3108 6026
3061 6026
3186 6026
3104 6026
3163 6002
3163 6026
3061 6002
3061 6026
3194 6002
3194 6026
3186 6002
3186 6026
3198 6002
3198 6026
3104 6002
3104 6026
3061 6026
3186 6026
3029 6008
3104 6008
3053 6012
3105 6002
3163 6002
3061 6002
3186 6002
3061 6002
3043 6002
3186 6002
3198 6002
3163 6002
3061 6008
3087 6008
3043 6008
3186 6008
3105 6008
3043 6008
3061 6008
3186 6008
3043 6008
3061 6026
3186 6026
3061 6018
3186 6018
3061 6018
3043 6018
3186 6018
3061 6018
3043 6018
3186 6018
3061 6018
3186 6018
3163 6018
3061 6018
3186 6018
3103 6018
3147 6018
3061 6018
3186 6018
3061 6018
3186 6018
3061 6002
3029 6002
3186 6002
3061 6018
3029 6018
3186 6018
3061 6018
3029 6018
3186 6018
3113 6018
3119 6018
3061 6018
3029 6018
3186 6018
3061 6015
3186 6015
3061 6015
3186 6015
3061 6015
3186 6015
3061 6015
3186 6015
3107 6015
3061 6015
3186 6015
3107 6015
3074 6015
3207 6015
3094 6015
3107 6015
3203 6015
3094 6015
3202 6015
3107 6015
3061 6015
3186 6015
3061 6015
3186 6015
3107 6015
3061 6015
3186 6015
3107 6015
3187 6015
3207 6015
3162 6016
3064 6016
3066 6016
3094 6016
3017 6016
3066 6016
3061 6015
3186 6015
3107 6015
3061 6015
3206 6015
3186 6015
3107 6015
3017 6015
3066 6015
3061 6015
3186 6015
3206 6015
3207 6015
3107 6022
3061 6022
3098 6022
3206 6022
3186 6022
3108 6015
3061 6015
3206 6015
3204 6015
3186 6015
3061 6015
3206 6015
3186 6015
3061 6027
3061 6015
3206 6027
3206 6015
3066 6027
3066 6015
3205 6027
3205 6015
3186 6027
3186 6015
3066 6016
3187 6016
3094 6016
3066 6016
3206 6015
3066 6015
3130 6015
3061 6015
3206 6015
3186 6015
3061 6015
3206 6015
3186 6015
3061 6015
3186 6015
3206 6015
3107 6015
3061 6015
3186 6015
3206 6015
3206 6008
3206 6015
3206 6015
3061 6018
3186 6018
3061 6018
3206 6018
3186 6018
3061 6018
3186 6018
3206 6018
3010 6008
3206 6016
3187 6016
3187 6016
3163 6016
3046 6016
3130 6016
3187 6016
3061 6016
3186 6016
3061 6018
3061 6016
3186 6018
3186 6016
3010 6016
3061 6018
3061 6016
3186 6018
3186 6016
3061 6016
3186 6016
3010 6016
3061 6016
3186 6016
3107 6015
3010 6016
3061 6026
3142 6026
3086 6026
3186 6026
3061 6016
3186 6016
3061 6018
3186 6018
3187 6022
3148 6022
3091 6022
3087 6022
3142 6022
3091 6022
3142 6022
3061 6022
3098 6022
3186 6022
3091 6022
3061 6022
3206 6022
3186 6022
3098 6022
3061 6022
3098 6022
3186 6022
3163 6022
3098 6022
3096 6022
3198 6022
3095 6008
3193 6008
3061 6020
3061 6016
3186 6020
3186 6016
3061 6022
3186 6022
3091 6022
3163 6022
3061 6022
3186 6022
3091 6022
3061 6022
3186 6022
3091 6022
3061 6022
3186 6022
3061 6022
3186 6022
3010 6022
3061 6022
3186 6022
3091 6022
3151 6022
3061 6022
3186 6022
3098 6022
3061 6022
3186 6022
3163 6022
3151 6022
3061 6022
3186 6022
3163 6002
3061 6022
3186 6022
3151 6022
3061 6022
3186 6022
3205 6027
3205 6022
3198 6027
3198 6022
3130 6027
3130 6022
3091 6027
3061 6027
3206 6027
3205 6027
3186 6027
3130 6027
3061 6027
3098 6027
3206 6027
3099 6027
3205 6027
3186 6027
3130 6027
3061 6027
3206 6027
3099 6027
3205 6027
3186 6027
3130 6027
3061 6016
3099 6016
3186 6016
3061 6006
3186 6006
3061 6006
3128 6006
3186 6006
3061 6018
3186 6018
3061 6016
3075 6016
3186 6016
3089 6016
3192 6016
3061 6016
3147 6016
3169 6016
3186 6016
3066 6016
3147 6016
3061 6018
3186 6018
3142 6007
3029 6007
3061 6007
3029 6007
3186 6007
3094 6008
3061 6008
3186 6008
3061 6008
3186 6008
3061 6008
3061 6007
3029 6008
3029 6007
3094 6008
3094 6007
3186 6008
3186 6007
3029 6016
3017 6016
3061 6008
3017 6008
3186 6008
3061 6008
3029 6008
3186 6008
3029 6016
3061 6016
3191 6016
3078 6016
3186 6016
3061 6016
3186 6016
3085 6018
3089 6018
3061 6018
3192 6018
3186 6018
3187 6016
3061 6016
3046 6016
3066 6016
3186 6016
3187 6016
3163 6016
3066 6016
3061 6018
3017 6018
3066 6018
3186 6018
3061 6008
3186 6008
3010 6008
3061 6018
3203 6018
3186 6018
3187 6016
3114 6016
3029 6016
3012 6018
3061 6018
3186 6018
3061 6016
3186 6016
3114 6016
3114 6018
3061 6018
3186 6018
3061 6018
3186 6018
3063 6017
3079 6017
3114 6017
3124 6017
3107 6015
3207 6015
3107 6015
3187 6015
3079 6015
3207 6015
3193 6015
3080 6017
3079 6017
3081 6017
3142 6017
3079 6017
3193 6017
3079 6017
3081 6017
3061 6017
3079 6017
3186 6017
3079 6018
3061 6017
3079 6017
3081 6017
3186 6017
3193 6017
3061 6017
3079 6017
3081 6017
3186 6017
3061 6018
3061 6017
3061 6016
3186 6018
3186 6017
3186 6016
3061 6017
3079 6017
3186 6017
3066 6017
3061 6017
3186 6017
3061 6017
3186 6017
3066 6017
3081 6017
3124 6002
3081 6002
3061 6017
3081 6017
3186 6017
3061 6017
3186 6017
3081 6017
3061 6018
3081 6018
3186 6018
3081 6018
3061 6017
3081 6017
3186 6017
3061 6018
3186 6018
3079 6017
3061 6016
3186 6016
3079 6019
3079 6017
3186 6019
3186 6017
3061 6019
3186 6019
3079 6019
3061 6019
3186 6019
3061 6018
3186 6018
3061 6026
3061 6018
3186 6026
3186 6018
3061 6018
3017 6018
3066 6018
3186 6018
3061 6026
3079 6026
3186 6026
3142 6019
3142 6017
3079 6019
3079 6017
3061 6026
3186 6026
3061 6017
3079 6017
3124 6017
3149 6017
3186 6017
3107 6015
3207 6015
3089 6002
3192 6002
3061 6026
3061 6018
3159 6026
3159 6018
3186 6026
3186 6018
3061 6016
3184 6016
3159 6016
3186 6016
3061 6016
3184 6016
3159 6016
3186 6016
3061 6026
3184 6026
3159 6026
3186 6026
3061 6018
3061 6017
3061 6016
3079 6018
3079 6017
3079 6016
3124 6018
3124 6017
3124 6016
3149 6018
3149 6017
3149 6016
3186 6018
3186 6017
3186 6016
3061 6026
3061 6018
3186 6026
3186 6018
3184 6026
3061 6017
3186 6017
3061 6017
3186 6017
3114 6019
3061 6019
3186 6019
3061 6016
3197 6016
3186 6016
3066 6027
3205 6027
3092 6027
3130 6027
3205 6027
3130 6027
3017 6015
3184 6010
3197 6011
3159 6011
3092 6011
3061 6002
3186 6002
3198 6002
3114 6008
3061 6002
3186 6002
3089 6002
3192 6002
3119 6002
3089 6008
3192 6008
3163 6002
3163 6002
3089 6002
3061 6002
3192 6002
3186 6002
3029 6008
3029 6002
3095 6011
3085 6011
3184 6010
3089 6016
3061 6016
3075 6016
3147 6016
3192 6016
3191 6016
3078 6016
3186 6016
3089 6026
3184 6026
3192 6026
3029 6026
3092 6026
3079 6026
3029 6026
3061 6016
3186 6016
3061 6016
3186 6016
3061 6018
3186 6018
3114 6002
3114 6002
3104 6002
3114 6008
3114 6002
3061 6008
3061 6002
3029 6008
3029 6002
3186 6008
3186 6002
3114 6002
3061 6002
3186 6002
3104 6002
3163 6002
3163 6008
3061 6008
3186 6008
3090 6008
3104 6008
3163 6008
3163 6002
3061 6002
3186 6002
3163 6026
3186 6026
3104 6026
3114 6018
3061 6018
3186 6018
3061 6002
3186 6002
3104 6002
3198 6002
3163 6002
3186 6002
3187 6002
3114 6002
3061 6002
3056 6002
3186 6002
3146 6008
3163 6002
3029 6002
3104 6002
3146 6002
3104 6002
3146 6015
3104 6015
3163 6002
3104 6002
3187 6002
3163 6002
3104 6002
3066 6002
3092 6002
3163 6002
3104 6002
3098 6022
3061 6008
3186 6008
3104 6008
3163 6008
3104 6008
3163 6008
3104 6008
3163 6002
3163 6002
3104 6002
3104 6002
3163 6002
3104 6002
3163 6002
3200 6002
3163 6008
3163 6002
3104 6008
3104 6002
3163 6008
3163 6002
3061 6017
3061 6016
3165 6017
3165 6016
3079 6017
3079 6016
3186 6017
3186 6016
3068 6018
3061 6018
3133 6018
3186 6018
3163 6002
3163 6002
3061 6002
3186 6002
3061 6008
3186 6008
3061 6002
3133 6002
3186 6002
3061 6002
3186 6002
3165 6002
3068 6002
3061 6002
3186 6002
3061 6002
3186 6002
3061 6002
3186 6002
3163 6008
3187 6002
3187 6022
3061 6002
3061 6022
3165 6002
3165 6022
3133 6002
3133 6022
3186 6002
3186 6022
3061 6002
3186 6002
3061 6018
3186 6018
3163 6002
3061 6002
3146 6002
3186 6002
3198 6008
3163 6016
3061 6016
3186 6016
3163 6002
3089 6002
3192 6002
3010 6002
3061 6016
3186 6016
3163 6016
3061 6016
3186 6016
3010 6016
3061 6016
3186 6016
3163 6002
3061 6002
3186 6002
3114 6002
3061 6002
3186 6002
3068 6002
3061 6018
3061 6017
3186 6018
3186 6017
3163 6002
3200 6016
3010 6016
3061 6002
3186 6002
3010 6002
3163 6002
3114 6002
3061 6002
3186 6002
3163 6018
3089 6018
3192 6018
3114 6008
3061 6008
3146 6008
3186 6008
3114 6008
3163 6018
3089 6018
3061 6018
3192 6018
3186 6018
3187 6018
3187 6016
3089 6018
3089 6016
3061 6018
3061 6016
3192 6018
3192 6016
3186 6018
3186 6016
3061 6018
3186 6018
3061 6015
3186 6015
3114 6002
3061 6002
3186 6002
3163 6002
3160 6002
3030 6002
3198 6002
3061 6002
3186 6002
3198 6002
3163 6008
3056 6008
3184 6026
3037 6011
3160 6011
3161 6011
3184 6011
3038 6011
3159 6011
3187 6002
3114 6002
3061 6002
3186 6002
3114 6002
3061 6018
3186 6018
3061 6018
3186 6018
3086 6017
3061 6016
3186 6016
3061 6017
3086 6017
3085 6017
3186 6017
3161 6015
3030 6015
3163 6008
3161 6008
3163 6008
3061 6018
3186 6018
3037 6016
3061 6016
3161 6016
3186 6016
3061 6016
3186 6016
3205 6027
3056 6027
3130 6027
3061 6027
3205 6027
3056 6027
3186 6027
3130 6027
3163 6027
3205 6027
3198 6027
3130 6027
3030 6003
3030 6003
3038 6003
3030 6003
3007 6003
3008 6003
3030 6027
3038 6027
3205 6027
3130 6027
3205 6027
3130 6027
3031 6027
3038 6027
3205 6027
3130 6027
3061 6022
3186 6022
3130 6022
3061 6002
3192 6002
3186 6002
3079 6017
3149 6017
3085 6017
3114 6002
3114 6002
3198 6002
3061 6018
3186 6018
3061 6016
3186 6016
3163 6008
3107 6015
3207 6015
3061 6016
3186 6016
3061 6018
3186 6018
3061 6018
3186 6018
3159 6026
3061 6002
3186 6002
3061 6022
3098 6022
3186 6022
3114 6008
3061 6008
3186 6008
3163 6008
3163 6002
3061 6008
3061 6002
3186 6008
3186 6002
3061 6018
3186 6018
3061 6018
3186 6018
3163 6022
3106 6022
3003 6002
3106 6002
3106 6002
3163 6008
3163 6002
3069 6008
3069 6002
3061 6015
3186 6015
3010 6015
3163 6002
3098 6002
3206 6002
3163 6002
3096 6002
3163 6008
3206 6008
3061 6008
3075 6008
3186 6008
3163 6002
3206 6002
3061 6018
3061 6017
3061 6016
3186 6018
3186 6017
3186 6016
3061 6016
3154 6016
3156 6016
3186 6016
3063 6027
3163 6027
3061 6027
3206 6027
3205 6027
3186 6027
3130 6027
3163 6016
3061 6016
3155 6016
3186 6016
3061 6018
3154 6018
3142 6018
3156 6018
3186 6018
3061 6016
3186 6016
3061 6016
3186 6016
3163 6008
3163 6002
3163 6002
3163 6008
3096 6008
3096 6002
3096 6002
3163 6002
3163 6002
3036 6008
3031 6003
3160 6003
3161 6003
3096 6003
3061 6015
3066 6015
3186 6015
3107 6015
3207 6015
3135 6015
3107 6015
3163 6008
3163 6002
3036 6002
3096 6002
3200 6002
3163 6002
3163 6002
3162 6002
3061 6002
3186 6002
3114 6002
3206 6008
3206 6002
3036 6002
3114 6002
3061 6002
3094 6002
3186 6002
3094 6008
3061 6022
3186 6022
3036 6022
3098 6022
3107 6015
3036 6015
3135 6015
3107 6015
3036 6015
3107 6015
3036 6015
3094 6013
3066 6013
3135 6013
3176 6013
3191 6002
3078 6002
3191 6013
3149 6013
3078 6013
3150 6013
3149 6017
3128 6013
3187 6013
3187 6013
3063 6013
3066 6013
3118 6013
3061 6015
3186 6015
3135 6015
3163 6002
3061 6017
3186 6017
3114 6017
3061 6017
3092 6017
3186 6017
3089 6012
3192 6012
3149 6012
3089 6019
3089 6017
3079 6019
3079 6017
3192 6019
3192 6017
3149 6019
3149 6017
3089 6012
3192 6012
3094 6012
3089 6012
3192 6012
3149 6012
3089 6012
3192 6012
3149 6012
3089 6019
3089 6012
3089 6017
3192 6019
3192 6012
3192 6017
3149 6019
3149 6012
3149 6017
3089 6012
3192 6012
3149 6012
3089 6017
3192 6017
3149 6017
3089 6018
3192 6018
3061 6018
3186 6018
3089 6012
3155 6012
3192 6012
3155 6012
3089 6012
3061 6012
3154 6012
3155 6012
3192 6012
3156 6012
3186 6012
3061 6012
3156 6012
3186 6012
3163 6012
3061 6012
3186 6012
3163 6012
3061 6012
3154 6012
3186 6012
3061 6018
3186 6018
3061 6016
3186 6016
3089 6012
3192 6012
3089 6012
3192 6012
3061 6018
3186 6018
3079 6017
3154 6012
3155 6012
3156 6012
3061 6012
3186 6012
3061 6012
3155 6012
3186 6012
3163 6012
3061 6012
3154 6012
3156 6012
3186 6012
3089 6012
3089 6023
3192 6012
3192 6023
3061 6015
3186 6015
3130 6015
3163 6022
3163 6022
3130 6022
3206 6022
3096 6022
3130 6022
3114 6022
3098 6022
3130 6022
3163 6022
3156 6022
3061 6018
3186 6018
3061 6002
3186 6002
3061 6002
3186 6002
3187 6008
3192 6008
3071 6008
3071 6002
3107 6002
3114 6002
3061 6002
3071 6002
3186 6002
3071 6002
3071 6002
3071 6002
3061 6002
3186 6002
3061 6002
3095 6002
3186 6002
3061 6008
3186 6008
3184 6010
3089 6010
3184 6010
3192 6010
3159 6010
3089 6002
3061 6002
3192 6002
3159 6002
3186 6002
3089 6002
3192 6002
3159 6002
3061 6010
3184 6010
3186 6010
3089 6026
3192 6026
3187 6010
3089 6010
3061 6010
3192 6010
3159 6010
3186 6010
3089 6026
3188 6026
3114 6026
3061 6026
3192 6026
3159 6026
3186 6026
3079 6017
3089 6026
3114 6026
3061 6026
3192 6026
3186 6026
3188 6026
3089 6026
3188 6026
3114 6026
3061 6026
3192 6026
3186 6026
3184 6002
3061 6002
3156 6002
3186 6002
3061 6002
3186 6002
3061 6008
3061 6010
3184 6008
3184 6010
3159 6008
3159 6010
3186 6008
3186 6010
3163 6026
3089 6026
3114 6026
3061 6026
3192 6026
3186 6026
3089 6026
3114 6026
3061 6026
3192 6026
3186 6026
3089 6002
3089 6026
3114 6002
3114 6026
3061 6002
3061 6026
3192 6002
3192 6026
3186 6002
3186 6026
3089 6023
3114 6023
3061 6023
3192 6023
3186 6023
3114 6008
3114 6016
3184 6008
3184 6016
3114 6017
3184 6017
3159 6017
3114 6002
3086 6020
3107 6015
3187 6015
3207 6015
3061 6002
3186 6002
3061 6008
3186 6008
3061 6002
3186 6002
3187 6016
3163 6016
3089 6016
3114 6016
3142 6016
3141 6016
3192 6016
3010 6016
3061 6018
3186 6018
3163 6002
3089 6002
3114 6002
3061 6002
3146 6002
3192 6002
3186 6002
3187 6016
3114 6002
3061 6002
3066 6002
3186 6002
