1022 4012
1079 4004
1022 4012
1079 4004
1079 4004
1079 4004
1079 4004
1053 4004
1079 4004
1022 4004
1053 4004
1079 4004
1079 4012
1007 4012
1022 4012
1022 4012
1079 4004
1079 4003
1020 4003
1069 4008
1069 4008
1032 4008
1032 4008
1032 4008
1053 4008
1004 4013
1053 4013
1053 4013
1023 4013
1004 4013
1053 4013
1046 4002
1046 4028
1085 4002
1085 4028
1085 4002
1057 4029
1090 4030
1030 4005
1053 4005
1032 4008
1057 4015
1053 4015
1032 4015
1090 4015
1046 4015
1053 4015
1032 4015
1053 4015
1032 4015
1046 4028
1090 4008
1032 4008
1090 4008
1032 4008
1030 4008
1053 4008
1053 4013
1053 4008
1032 4008
1023 4017
1023 4016
1046 4017
1046 4016
1057 4017
1057 4016
1023 4002
1009 4002
1090 4013
1023 4013
1009 4013
1004 4002
1085 4002
1009 4015
1090 4008
1032 4008
1057 4008
1085 4002
1017 4002
1085 4002
1017 4008
1032 4008
1017 4008
1057 4008
1017 4008
1032 4008
1023 4008
1023 4013
1032 4008
1032 4013
1009 4049
1017 4049
1028 4049
1130 4015
1009 4015
1023 4013
1032 4008
1115 4008
1023 4013
1009 4013
1004 4008
1032 4008
1032 4008
1067 4004
1019 4004
1058 4004
1021 4013
1042 4008
1051 4008
1032 4008
1021 4018
1049 4007
1021 4004
1006 4004
1021 4004
1006 4004
1096 4011
1006 4011
1079 4004
1079 4004
1079 4004
1079 4004
1079 4004
1006 4031
1059 4026
1049 4026
1048 4026
1006 4026
1049 4026
1026 4026
1017 4049
1009 4049
1009 4049
1021 4037
1006 4037
1009 4037
1059 4026
1036 4026
1049 4026
1006 4026
1026 4026
1049 4019
1021 4049
1009 4049
1059 4014
1036 4014
1049 4014
1048 4014
1009 4014
1026 4026
1006 4026
1009 4026
1006 4049
1009 4049
1009 4049
1009 4049
1090 4020
1079 4004
1053 4004
1053 4033
1059 4033
1053 4010
1049 4021
1036 4032
1059 4033
1079 4020
1036 4020
1049 4021
1090 4021
1090 4021
1053 4021
1049 4021
1090 4021
1059 4033
1090 4032
1028 4037
1006 4037
1120 4037
1021 4037
1116 4037
1006 4037
1025 4037
1125 4037
1025 4044
1006 4044
1021 4044
1116 4044
1025 4044
1025 4045
1021 4045
1025 4045
1021 4044
1021 4045
1036 4045
1116 4045
1006 4045
1036 4026
1036 4045
1006 4026
1006 4045
1036 4020
1006 4006
1025 4006
1021 4044
1025 4044
1021 4044
1025 4044
1025 4044
1006 4044
1025 4044
1025 4026
1025 4044
1010 4037
1006 4037
1006 4004
1010 4004
1006 4006
1021 4027
1006 4027
1025 4044
1021 4027
1006 4027
1048 4049
1048 4049
1009 4049
1009 4049
1009 4022
1048 4018
1120 4049
1122 4049
1124 4049
1125 4049
1025 4044
1021 4044
1054 4044
1006 4014
1032 4008
1009 4008
1009 4044
1021 4044
1009 4044
1021 4037
1021 4044
1006 4037
1006 4044
1009 4037
1009 4044
1025 4037
1025 4044
1021 4044
1006 4008
1032 4008
1009 4008
1021 4044
1006 4026
1009 4026
1009 4049
1023 4028
1023 4013
1046 4028
1046 4013
1032 4028
1032 4013
1057 4028
1057 4013
1009 4044
1025 4044
1021 4044
1006 4044
1009 4044
1009 4044
1021 4044
1009 4044
1017 4049
1028 4049
1006 4049
1009 4049
1040 4040
1028 4040
1040 4037
1009 4023
1021 4023
1028 4023
1028 4049
1028 4049
1028 4044
1006 4044
1006 4037
1021 4037
1021 4044
1006 4037
1006 4044
1021 4044
1028 4044
1090 4008
1032 4008
1048 4017
1021 4044
1006 4044
1034 4045
1021 4045
1006 4045
1034 4045
1034 4044
1114 4037
1048 4037
1006 4037
1048 4026
1021 4044
1048 4044
1021 4044
1025 4044
1021 4044
1021 4044
1036 4044
1048 4044
1009 4044
1025 4044
1025 4045
1048 4037
1006 4037
1006 4026
1090 4049
1010 4049
1009 4049
1121 4038
1021 4038
1122 4038
1124 4038
1021 4049
1089 4049
1021 4049
1021 4049
1089 4049
1089 4049
1089 4049
1021 4049
1009 4049
1021 4049
1089 4049
1021 4049
1021 4049
1021 4049
1122 4043
1123 4049
1021 4026
1121 4026
1129 4026
1047 4041
1122 4049
1129 4026
1053 4049
1021 4044
1089 4044
1025 4044
1089 4049
1021 4049
1089 4049
1021 4049
1089 4049
1021 4049
1073 4043
1073 4041
1047 4043
1047 4041
1047 4038
1021 4044
1047 4044
1028 4044
1089 4044
1021 4044
1048 4044
1073 4043
1073 4041
1021 4043
1021 4041
1114 4043
1114 4041
1047 4043
1047 4041
1089 4043
1089 4041
1006 4043
1006 4041
1021 4024
1021 4018
1047 4044
1047 4041
1025 4044
1025 4041
1021 4044
1006 4044
1021 4024
1021 4018
1048 4024
1048 4018
1048 4018
1006 4018
1048 4018
1047 4018
1006 4018
1021 4044
1021 4041
1047 4044
1047 4041
1028 4044
1028 4041
1006 4044
1006 4041
1047 4041
1028 4041
1006 4041
1025 4041
1021 4041
1047 4041
1028 4041
1006 4041
1025 4041
1021 4044
1021 4041
1021 4038
1006 4038
1048 4049
1021 4049
1089 4049
1028 4049
1009 4049
1121 4049
1021 4049
1028 4049
1009 4049
1021 4049
1048 4049
1006 4049
1025 4049
1121 4049
1021 4049
1047 4049
1028 4049
1025 4049
1021 4041
1047 4041
1028 4041
1047 4049
1021 4049
1021 4049
1047 4049
1028 4049
1089 4049
1028 4049
1120 4049
1122 4049
1047 4049
1129 4049
1028 4049
1089 4049
1124 4049
1025 4049
1125 4049
1073 4049
1129 4049
1047 4049
1028 4049
1021 4049
1028 4049
1089 4049
1073 4049
1021 4049
1028 4049
1089 4049
1021 4049
1028 4049
1089 4049
1021 4049
1028 4049
1089 4049
1028 4037
1021 4049
1028 4049
1089 4049
1009 4049
1025 4049
1021 4049
1129 4049
1028 4049
1089 4049
1006 4049
1129 4049
1006 4049
1089 4044
1021 4049
1047 4049
1129 4049
1025 4006
1021 4049
1047 4049
1025 4049
1021 4006
1021 4024
1021 4018
1048 4024
1048 4018
1025 4024
1025 4018
1021 4049
1048 4049
1021 4049
1123 4049
1025 4049
1048 4049
1025 4049
1073 4049
1048 4049
1123 4049
1048 4049
1025 4006
1025 4046
1047 4042
1025 4042
1025 4042
1047 4042
1048 4026
1006 4026
1122 4041
1006 4041
1025 4041
1025 4006
1025 4046
1006 4006
1006 4046
1006 4006
1006 4046
1025 4006
1025 4046
1025 4006
1025 4046
1006 4006
1006 4046
1025 4006
1025 4046
1006 4006
1006 4046
1025 4006
1025 4046
1048 4044
1006 4044
1025 4044
1006 4006
1006 4046
1021 4041
1006 4041
1025 4041
1047 4041
1021 4006
1021 4046
1047 4006
1047 4046
1006 4006
1006 4046
1006 4006
1006 4044
1006 4046
1021 4049
1021 4044
1047 4049
1047 4048
1089 4049
1089 4048
1122 4049
1122 4048
1123 4049
1123 4048
1116 4049
1116 4048
1025 4049
1025 4044
1122 4049
1025 4049
1115 4049
1025 4049
1025 4049
1073 4043
1073 4041
1021 4049
1047 4049
1025 4049
1021 4049
1025 4049
1021 4041
1047 4041
1047 4026
1021 4026
1021 4049
1021 4048
1021 4044
1047 4026
1047 4049
1047 4048
1047 4044
1006 4026
1006 4049
1006 4048
1006 4044
1021 4037
1021 4044
1116 4037
1116 4044
1025 4037
1025 4044
1047 4049
1028 4049
1089 4049
1021 4027
1006 4027
1006 4027
1006 4002
1012 4002
1012 4027
1012 4002
1021 4044
1122 4049
1006 4049
1069 4031
1037 4031
1049 4031
1059 4006
1059 4046
1021 4006
1021 4046
1006 4006
1006 4046
1037 4006
1037 4046
1047 4041
1006 4041
1021 4049
1047 4049
1021 4044
1047 4044
1021 4041
1047 4041
1069 4041
1021 4049
1047 4049
1028 4049
1069 4049
1025 4049
1021 4044
1021 4041
1122 4041
1047 4041
1078 4041
1021 4041
1021 4049
1116 4049
1123 4041
1021 4049
1041 4007
1002 4007
1026 4007
1026 4034
1082 4034
1041 4034
1082 4034
1026 4034
1082 4034
1002 4034
1026 4034
1082 4034
1002 4034
1082 4034
1041 4034
1082 4034
1041 4034
1041 4034
1002 4034
1082 4034
1021 4026
1006 4026
1021 4041
1048 4041
1006 4041
1006 4006
1006 4046
1021 4006
1021 4046
1048 4006
1048 4046
1006 4006
1006 4046
1078 4004
1048 4004
1078 4004
1048 4004
1021 4004
1078 4004
1005 4004
1068 4004
1021 4004
1078 4004
1078 4006
1021 4049
1053 4049
1021 4049
1006 4049
1021 4049
1073 4049
1073 4037
1028 4037
1006 4037
1122 4041
1028 4041
1028 4049
1056 4049
1023 4013
1021 4049
1028 4049
1089 4049
1009 4049
1021 4041
1047 4041
1021 4049
1028 4049
1006 4049
1054 4049
1047 4039
1054 4039
1021 4006
1006 4006
1034 4044
1006 4044
1047 4041
1078 4041
1025 4041
1021 4049
1021 4049
1043 4049
1023 4013
1021 4050
1082 4044
1021 4044
1078 4044
1021 4049
1114 4049
1006 4049
1050 4049
1021 4049
1116 4049
1078 4006
1078 4046
1006 4006
1006 4046
1025 4006
1025 4046
1006 4006
1006 4026
1006 4006
1078 4006
1078 4046
1006 4006
1006 4046
1078 4006
1029 4045
1006 4045
1025 4045
1021 4006
1029 4006
1029 4046
1039 4006
1039 4046
1035 4006
1035 4046
1006 4006
1006 4046
1006 4006
1006 4046
1034 4044
1006 4026
1078 4026
1028 4026
1021 4048
1054 4048
1006 4006
1006 4046
1006 4006
1006 4046
1006 4049
1054 4006
1054 4046
1021 4050
1047 4050
1028 4050
1089 4050
1054 4050
1021 4026
1116 4026
1006 4026
1021 4044
1006 4044
1021 4041
1122 4041
1047 4041
1116 4041
1054 4041
1021 4049
1043 4049
1021 4026
1006 4026
1021 4044
1021 4037
1021 4044
1006 4037
1006 4044
1025 4037
1025 4044
1025 4044
1021 4035
1021 4006
1006 4006
1021 4044
1025 4044
1006 4033
1021 4044
1021 4033
1021 4033
1116 4033
1006 4033
1006 4033
1006 4026
1021 4033
1006 4033
1021 4048
1021 4033
1021 4026
1006 4026
1021 4026
1006 4026
1021 4026
1021 4044
1114 4026
1114 4044
1006 4026
1006 4044
1006 4026
1081 4049
1081 4049
1006 4049
1021 4049
1081 4049
1006 4049
1021 4049
1081 4049
1081 4049
1021 4043
1021 4041
1122 4041
1081 4041
1006 4041
1006 4049
1122 4047
1047 4047
1120 4043
1120 4047
1122 4043
1122 4047
1128 4043
1128 4047
1124 4043
1124 4047
1125 4043
1125 4047
1006 4033
1021 4033
1006 4033
1021 4033
1021 4033
1028 4039
1089 4039
1009 4039
1006 4006
1006 4046
1006 4006
1006 4046
1081 4043
1006 4006
1006 4046
1028 4006
1028 4046
1006 4047
1021 4006
1021 4046
1006 4006
1006 4046
1021 4049
1089 4049
1081 4049
1021 4049
1114 4049
1081 4049
1006 4049
1060 4050
1060 4044
1054 4050
1054 4044
1021 4006
1021 4046
1006 4006
1006 4046
1054 4006
1054 4046
1006 4035
1006 4006
1006 4046
1006 4035
1059 4044
1021 4044
1036 4044
1049 4044
1026 4044
1036 4006
1036 4046
1006 4006
1006 4046
1025 4006
1025 4046
1021 4006
1021 4046
1025 4006
1025 4046
1006 4006
1006 4008
1032 4008
1006 4008
1025 4008
1021 4008
1021 4044
1032 4008
1032 4044
1021 4008
1129 4008
1089 4008
1025 4008
1021 4008
1032 4008
1032 4008
1121 4008
1021 4008
1032 4008
1021 4008
1006 4008
1021 4008
1073 4043
1073 4039
1073 4044
1073 4047
1073 4041
1123 4043
1123 4039
1123 4044
1123 4047
1123 4041
1025 4043
1021 4029
1028 4029
1006 4029
1021 4029
1006 4029
1006 4026
1089 4048
1116 4008
1082 4008
1028 4008
1032 4008
1053 4008
1021 4049
1021 4044
1028 4037
1043 4037
1028 4008
1021 4008
1090 4008
1028 4008
1023 4008
1032 4008
1028 4008
1032 4008
1021 4008
1028 4008
1032 4008
1028 4008
1006 4008
1032 4008
1043 4008
1071 4008
1006 4006
1006 4008
1006 4046
1032 4006
1032 4008
1032 4046
1032 4008
1021 4049
1047 4049
1025 4049
1059 4004
1049 4004
1021 4010
1049 4010
1037 4031
1059 4015
1021 4015
1036 4015
1049 4015
1069 4015
1006 4015
1032 4015
1054 4015
1049 4015
1032 4015
1049 4006
1049 4046
1006 4006
1006 4046
1028 4039
1032 4039
1013 4009
1024 4009
1129 4049
1089 4049
1006 4049
1129 4049
1028 4049
1028 4049
1089 4049
1006 4006
1006 4026
1032 4004
1006 4004
1032 4004
1006 4004
1090 4004
1023 4004
1046 4004
1006 4004
1085 4004
1032 4004
1032 4004
1006 4004
1006 4008
1032 4004
1032 4008
1032 4004
1032 4004
1090 4004
1023 4004
1004 4004
1046 4004
1085 4004
1057 4004
1006 4004
1006 4004
1047 4004
1006 4004
1032 4004
1047 4049
1028 4049
1069 4049
1006 4049
1032 4049
1081 4049
1006 4049
1028 4049
1006 4049
1032 4049
1047 4009
1123 4009
1006 4009
1023 4049
1009 4049
1078 4006
1078 4046
1012 4006
1012 4046
1006 4006
1006 4046
1119 4004
1047 4004
1078 4004
1012 4004
1006 4004
1078 4026
1006 4026
1012 4049
1047 4004
1047 4004
1032 4004
1047 4049
1006 4049
1032 4004
1021 4004
1006 4004
1021 4048
1021 4049
1081 4049
1021 4044
1047 4044
1025 4044
1081 4043
1021 4043
1021 4041
1047 4043
1047 4041
1021 4049
1047 4049
1021 4004
1047 4004
1116 4004
1006 4004
1123 4049
1006 4049
1021 4049
1021 4048
1047 4048
1089 4048
1054 4048
1021 4048
1089 4048
1021 4041
1021 4049
1053 4049
1021 4049
1049 4031
1037 4031
1053 4031
1059 4004
1053 4004
1021 4049
1047 4049
1006 4049
1047 4049
1129 4049
1006 4049
1089 4049
1028 4049
1025 4049
1047 4041
1006 4041
1006 4006
1025 4006
1047 4006
1047 4046
1025 4006
1025 4046
1021 4049
1048 4049
1047 4006
1006 4006
1025 4006
1047 4049
1121 4044
1021 4044
1028 4044
1021 4044
1047 4044
1006 4044
1025 4044
1047 4049
1025 4049
1021 4044
1021 4044
1047 4044
1025 4044
1021 4048
1025 4048
1047 4049
1025 4006
1047 4006
1047 4046
1025 4006
1025 4046
1047 4043
1021 4041
1047 4041
1028 4041
1025 4041
1047 4049
1006 4049
1021 4004
1047 4004
1078 4004
1010 4004
1123 4004
1006 4004
1010 4004
1006 4049
1056 4049
1086 4049
1047 4049
